1	0.0029	0.0052	0.0003	0.0011
1001	1.4255	5.00941	0.2928	2.5081
2001	1.7111	4.8508	0.2802	2.7052
3001	2.7326	5.5491	0.3233	3.2306
4001	2.8915	5.6813	0.3328	3.3182
5001	3.0531	5.1225	0.3144	3.0393
6001	3.3629	5.3157	0.316999	3.1651
7001	3.0808	4.6453	0.2845	2.8495
8001	3.5228	4.8871	0.2963	3.0113
9001	4.1922	5.0305	0.3131	3.1178
10001	5.6205	6.3764	0.391698	3.9501
11001	4.223	4.6136	0.360098	2.9419
12001	4.1226	4.629	0.2918	2.9731
13001	4.3111	4.6697	0.2904	2.9756
14001	4.74461	4.7072	0.2966	3.0813
15001	4.693	4.7427	0.2957	3.0227
16001	4.8611	4.4188	0.295	2.9052
17001	6.56	5.7274	0.374899	3.7107
18001	5.19451	4.56809	0.3017	3.0579
19001	5.3609	4.6398	0.3023	3.1021
20001	5.8823	4.6666	0.3065	3.1222
21001	6.061	4.4945	0.2978	3.0677
22001	6.2214	4.6357	0.307499	3.1377
23001	6.0634	4.4516	0.2983	3.0872
24001	5.89829	4.4166	0.2995	2.9459
25001	6.1538	4.4169	0.2984	3.0093
26001	6.70081	4.5224	0.31	3.1194
27001	7.1484	4.6501	0.3208	3.2377
28001	7.129	4.8331	0.326899	3.3598
29001	7.4337	4.696	0.323699	3.3158
30001	7.172	4.4778	0.310699	3.1768
31001	6.7976	4.3344	0.309799	3.0408
32001	7.052	4.3519	0.318699	3.082
33001	7.53471	4.5119	0.321599	3.1895
34001	7.4977	4.3684	0.318199	3.1239
35001	7.6014	4.3393	0.317199	3.1163
36001	7.4407	4.3368	0.317399	3.093
37001	10.5823	5.9414	0.4456	4.2194
38001	7.7216	4.5657	0.323699	3.2393
39001	8.2637	4.3915	0.324899	3.226
40001	7.96611	4.3569	0.318199	3.1711
41001	8.53811	4.4475	0.339998	3.2765
42001	9.11031	4.8957	0.358098	3.5605
43001	8.0808	4.2946	0.333498	3.151
44001	8.2266	4.3535	0.321499	3.1318
45001	8.21489	4.1971	0.318599	3.0685
46001	8.09779	4.1618	0.320699	3.0157
47001	8.58109	4.0811	0.315999	3.0206
48001	8.6098	4.2125	0.318499	3.0943
49001	8.5864	4.2517	0.320599	3.1478
50001	8.4951	4.2409	0.319999	3.1559
51001	9.376	4.5398	0.340598	3.4054
52001	9.7267	4.57051	0.347298	3.567
53001	9.46281	4.4372	0.327799	3.3751
54001	9.27981	4.4958	0.333198	3.3779
55001	9.38509	4.5124	0.337298	3.3893
56001	8.7318	4.2461	0.326899	3.154
57001	9.16301	4.2366	0.327598	3.1908
58001	8.94249	4.2241	0.323599	3.1082
59001	9.0627	4.212	0.328798	3.1757
60001	9.2416	4.2865	0.330698	3.2137
61001	11.101	4.9488	0.400501	3.751
62001	10.7161	4.7537	0.368097	3.6035
63001	9.632	4.4258	0.335298	3.3593
64001	9.3698	4.2464	0.326299	3.2132
65001	9.33709	4.1257	0.325599	3.1132
66001	9.4941	4.2223	0.325798	3.1984
67001	9.38921	4.2002	0.329698	3.1934
68001	9.82371	4.2516	0.333598	3.2444
69001	9.8383	4.2767	0.336498	3.31
70001	9.5659	4.1835	0.331398	3.1996
71001	9.7234	4.2425	0.326498	3.2129
72001	11.6708	4.9112	0.400096	3.7259
73001	9.9021	4.3471	0.337098	3.3762
74001	9.8427	4.1388	0.328698	3.2092
75001	9.55619	4.0949	0.330298	3.1298
76001	9.80138	4.194	0.335798	3.2223
77001	9.7566	4.2072	0.331098	3.2325
78001	9.8734	4.2027	0.345298	3.2238
79001	9.81381	4.153	0.329498	3.2228
80001	9.89029	4.0633	0.326998	3.1055
81001	9.96849	4.204	0.330498	3.2636
82001	9.90799	4.1362	0.327498	3.2067
83001	11.41	4.8739	0.374098	3.8034
84001	10.8452	4.5489	0.350498	3.5593
85001	10.4194	4.3882	0.335998	3.4176
86001	10.5421	4.2952	0.342798	3.3191
87001	10.0096	4.0807	0.325399	3.1566
88001	10.1331	4.018	0.325999	3.1193
89001	9.93111	4.0958	0.325699	3.1687
90001	10.1169	4.0311	0.325399	3.1279
91001	10.054	4.1567	0.323099	3.2304
92001	10.3019	4.2147	0.329398	3.2759
93001	10.7122	4.3738	0.344699	3.3517
94001	10.6686	4.3969	0.344798	3.4641
95001	10.2626	4.2847	0.337898	3.3613
96001	10.1256	4.1091	0.328798	3.2079
97001	10.0472	4.0205	0.328298	3.1005
98001	10.2551	4.1196	0.333398	3.2466
99001	10.1915	4.1459	0.334498	3.224
100001	10.2285	4.1232	0.329998	3.2402
101001	10.7129	4.2834	0.3349	3.34
102001	10.6464	4.3019	0.340198	3.3901
103001	12.4096	4.8842	0.386196	3.8822
104001	10.4358	4.1708	0.329599	3.2702
105001	10.7881	4.3975	0.339698	3.4236
106001	10.1863	4.0602	0.323399	3.2043
107001	10.2602	4.0337	0.322299	3.164
108001	10.3641	4.0939	0.326898	3.2125
109001	10.5872	4.2613	0.334498	3.361
110001	11.7479	4.6772	0.374597	3.7249
111001	11.2861	4.6316	0.360699	3.6562
112001	10.6551	4.3155	0.331298	3.4127
113001	10.4686	4.1557	0.327199	3.2693
114001	10.5208	4.1271	0.323899	3.2857
115001	10.4187	4.1626	0.326598	3.2602
116001	10.3262	4.0306	0.323899	3.125
117001	10.2913	4.0559	0.325999	3.1446
118001	10.6491	4.2264	0.333498	3.3331
119001	10.5241	4.1413	0.327598	3.2641
120001	10.8463	4.2596	0.344599	3.342
121001	13.7951	5.5292	0.442199	4.4847
122001	10.4994	4.124	0.328398	3.2984
123001	10.2767	3.9945	0.326599	3.1613
124001	10.3632	3.9964	0.328398	3.1228
125001	10.6386	4.1411	0.328898	3.2908
126001	10.5296	4.1413	0.328999	3.2639
127001	10.6201	4.1806	0.328499	3.3185
128001	10.4121	4.0606	0.324499	3.2002
129001	10.4265	4.059	0.323899	3.2057
130001	10.2803	3.9985	0.325898	3.1152
131001	10.6409	4.1241	0.321299	3.246
132001	11.2196	4.3924	0.346499	3.4588
133001	11.2588	4.4439	0.351298	3.6028
134001	11.2566	4.4135	0.351197	3.523
135001	10.4224	4.0494	0.323099	3.2067
136001	10.3421	4.0147	0.322299	3.1458
137001	10.3893	4.0014	0.321399	3.1507
138001	10.4599	4.0704	0.324998	3.1944
139001	10.3066	3.9948	0.325399	3.1437
140001	10.4346	3.9665	0.327798	3.1008
141001	10.422	4.0166	0.317999	3.1297
142001	10.4238	4.0251	0.318099	3.1544
143001	10.6022	4.0957	0.324998	3.2292
144001	10.4715	4.0203	0.326498	3.1945
145001	10.4893	3.9889	0.322899	3.1462
146001	10.407	3.9784	0.325399	3.1247
147001	10.3817	3.9743	0.322399	3.1204
148001	10.6107	4.0871	0.330199	3.2281
149001	10.5857	4.0603	0.328199	3.2376
150001	11.2228	4.2869	0.349998	3.3625
151001	10.5357	3.9963	0.317699	3.1513
152001	10.4941	4.0475	0.316799	3.1843
153001	10.6985	4.1134	0.324099	3.2506
154001	10.536	4.0172	0.329499	3.1787
155001	10.4938	4.0432	0.326698	3.2113
156001	10.4791	3.9639	0.322899	3.1277
157001	10.4288	3.9375	0.320099	3.1083
158001	10.5746	4.0326	0.323299	3.1959
159001	10.4979	4.037	0.322499	3.203
160001	10.5818	4.0418	0.324499	3.2266
161001	10.5027	4.0299	0.323299	3.2086
162001	11.252	4.3463	0.345098	3.475
163001	10.9438	4.2475	0.335798	3.4165
164001	10.5021	3.9923	0.323898	3.1763
165001	10.5491	3.9947	0.323199	3.1641
166001	10.6152	4.0666	0.325599	3.2235
167001	10.6966	4.1181	0.329199	3.2863
168001	10.6218	4.0863	0.322799	3.2458
169001	10.5211	3.9918	0.322599	3.14
170001	10.4826	3.94499	0.321799	3.1175
171001	10.5767	3.9679	0.325099	3.1558
172001	10.5137	3.9851	0.323998	3.1509
173001	10.6515	4.0928	0.324998	3.2521
174001	10.6556	4.1242	0.326898	3.2587
175001	11.0949	4.2166	0.339498	3.3559
176001	11.8442	4.5046	0.368699	3.6106
177001	11.1732	4.273	0.340598	3.3968
178001	10.6101	4.0619	0.323499	3.1767
179001	10.5208	4.0467	0.322999	3.1291
180001	10.5884	4.0555	0.332298	3.2091
181001	10.6523	4.0927	0.327598	3.255
182001	10.8385	4.1826	0.334198	3.3258
183001	10.6052	4.1141	0.323799	3.2805
184001	10.5989	4.0545	0.328499	3.2136
185001	10.6976	4.1333	0.327398	3.2781
186001	10.5263	4.0035	0.325599	3.1668
187001	10.6595	4.0775	0.326998	3.2453
188001	10.6111	4.0603	0.323199	3.2357
189001	10.485	3.9946	0.323399	3.1645
190001	10.493	3.9678	0.324999	3.1233
191001	11.9632	4.4884	0.367397	3.6196
192001	10.8497	4.1783	0.333498	3.3524
193001	10.5534	3.9943	0.323699	3.1685
194001	10.6016	4.0029	0.331298	3.1651
195001	10.6977	4.1002	0.330398	3.2556
196001	10.7042	4.0845	0.332698	3.2491
197001	10.6387	4.0482	0.329099	3.1934
198001	10.6912	4.0846	0.328998	3.2249
199001	10.5954	3.9749	0.322099	3.1467
200001	10.5581	3.9662	0.322399	3.1222
201001	10.5823	4.0226	0.327898	3.1647
202001	10.6537	4.0434	0.325199	3.2032
203001	10.7328	4.1389	0.330898	3.2787
204001	10.7716	4.1291	0.333298	3.283
205001	13.9809	5.212	0.4294	4.1798
206001	11.1915	4.2378	0.342298	3.4731
207001	10.7212	4.0946	0.329598	3.2611
208001	10.4904	3.9593	0.328198	3.1111
209001	10.5382	4.0008	0.324099	3.1516
210001	10.7093	4.095	0.330498	3.2689
211001	10.7782	4.0828	0.331699	3.2583
212001	10.8573	4.178	0.334998	3.349
213001	10.5639	4.0416	0.327798	3.2094
214001	10.5979	3.9997	0.323199	3.1721
215001	10.5119	3.9633	0.324499	3.126
216001	10.5464	3.9808	0.327499	3.1478
217001	10.6079	4.0619	0.323399	3.2294
218001	10.5425	4.0489	0.322299	3.2262
219001	10.5692	4.002	0.325299	3.1717
220001	11.8397	4.5375	0.361997	3.6292
221001	10.9437	4.2325	0.333198	3.3771
222001	10.6791	4.1135	0.328098	3.2485
223001	10.5878	3.9934	0.325299	3.1638
224001	10.5096	4.0239	0.324298	3.1298
225001	10.814	4.1211	0.329499	3.2281
226001	10.848	4.1859	0.331398	3.3711
227001	10.7495	4.1214	0.328898	3.3096
228001	10.8277	4.1069	0.329898	3.3132
229001	10.5297	3.9849	0.322799	3.1676
230001	10.6965	4.058	0.325599	3.2109
231001	10.5682	4.0347	0.322599	3.1846
232001	10.6465	4.081	0.326598	3.2414
233001	10.6846	4.0772	0.321998	3.2684
234001	12.3455	4.7596	0.375599	3.8467
235001	11.2922	4.3854	0.353398	3.532
236001	10.6207	4.0539	0.324699	3.2221
237001	10.5538	3.9734	0.322099	3.12
238001	10.6887	4.0608	0.327299	3.2346
239001	10.6627	4.0874	0.324299	3.228
240001	10.6592	4.0783	0.327999	3.2362
241001	10.6294	4.0632	0.326998	3.262
242001	10.6676	4.051	0.324499	3.2016
243001	10.5887	4.0318	0.320999	3.1865
244001	10.5148	3.9652	0.324099	3.1209
245001	10.5237	3.9928	0.324298	3.1036
246001	10.5457	4.0007	0.319699	3.114
247001	10.613	4.0526	0.321299	3.1669
248001	10.7019	4.118	0.325599	3.2514
249001	10.5912	4.0479	0.321299	3.205
250001	10.5965	4.0818	0.323599	3.1902
251001	11.2452	4.2534	0.343698	3.4232
252001	11.2531	4.2993	0.344198	3.4746
253001	10.6096	4.0679	0.328998	3.2506
254001	10.5027	3.9611	0.331298	3.1235
255001	10.5144	3.9386	0.331898	3.1095
256001	10.7046	4.0685	0.333098	3.2503
257001	10.6305	4.0153	0.331998	3.2101
258001	10.6331	4.0717	0.332998	3.2179
259001	10.5791	3.9726	0.329199	3.142
260001	10.5833	3.9951	0.325799	3.1717
261001	10.8207	4.1559	0.325999	3.3244
262001	10.6125	4.0316	0.322699	3.2157
263001	10.6201	4.009	0.322299	3.1548
264001	10.6241	3.9906	0.325698	3.1882
265001	10.5838	3.9727	0.324999	3.1631
266001	10.5156	3.9287	0.324898	3.098
267001	10.7291	4.0899	0.330199	3.2548
268001	10.702	4.0653	0.325298	3.2512
269001	10.5826	4.0156	0.322999	3.1656
270001	10.9771	4.0902	0.345999	3.2328
271001	11.0542	4.2952	0.335698	3.4339
272001	11.0047	4.3102	0.331498	3.382
273001	10.7023	4.1526	0.324698	3.2515
274001	10.9515	4.1794	0.333298	3.3033
275001	11.2515	4.2847	0.348498	3.4019
276001	10.9772	4.2793	0.330598	3.3499
277001	10.8345	4.0591	0.330098	3.2575
278001	10.7701	4.0619	0.329298	3.2208
279001	10.4968	3.9729	0.325299	3.1476
280001	10.5748	4.0448	0.322499	3.2113
281001	11.2199	4.2599	0.334199	3.3946
282001	11.1556	4.2716	0.340298	3.4613
283001	11.1346	4.3444	0.339898	3.4718
284001	11.1614	4.2747	0.340998	3.4063
285001	10.7662	4.127	0.333098	3.2837
286001	10.7489	4.148	0.334698	3.2996
287001	10.726	4.1122	0.330698	3.2792
288001	10.5475	3.9777	0.325899	3.1349
289001	10.5352	3.977	0.326298	3.1203
290001	10.5711	4.0142	0.328298	3.1602
291001	10.6615	4.0423	0.322399	3.2106
292001	10.7162	4.0566	0.321999	3.2452
293001	10.7538	4.0744	0.322799	3.2631
294001	10.6188	4.0693	0.323298	3.2169
295001	11.4962	4.3421	0.352098	3.4702
296001	10.9977	4.2682	0.338198	3.4078
297001	10.7332	4.1036	0.332798	3.2674
298001	11.0761	4.2137	0.344298	3.3873
299001	10.7103	4.0582	0.326099	3.2482
300001	10.5468	3.9641	0.324799	3.1542
301001	10.8595	4.1543	0.333199	3.3721
302001	10.7002	4.1591	0.329598	3.2896
303001	10.6065	4.0455	0.329498	3.205
304001	10.5446	3.973	0.326898	3.1157
305001	10.6814	4.1048	0.329998	3.2586
306001	10.6761	4.1218	0.329498	3.2353
307001	11.1181	4.2896	0.343498	3.4192
308001	10.9217	4.2079	0.342698	3.4092
309001	11.4491	4.3677	0.348898	3.4865
310001	10.7198	4.0678	0.325498	3.2484
311001	11.0939	4.1872	0.340198	3.4314
312001	10.9986	4.1367	0.331598	3.2842
313001	11.0418	4.2851	0.333798	3.3692
314001	10.5772	4.0052	0.324899	3.1779
315001	10.7258	3.9968	0.326899	3.2178
316001	10.6016	4.0131	0.339698	3.209
317001	10.5799	3.9459	0.323899	3.1345
318001	10.6184	3.989	0.327698	3.1441
319001	10.708	4.0523	0.325799	3.2282
320001	10.672	4.0381	0.327698	3.2039
321001	12.8293	4.707	0.391101	3.7168
322001	11.2029	4.2615	0.340598	3.4307
323001	11.0236	4.2911	0.339698	3.4265
324001	11.5461	4.3266	0.353298	3.4555
325001	10.7791	4.1547	0.326298	3.3027
326001	10.6279	4.0379	0.336598	3.2368
327001	10.5125	3.955	0.324498	3.1151
328001	10.5914	3.994	0.323299	3.1708
329001	10.6676	4.091	0.325199	3.2555
330001	10.5163	4.0015	0.320799	3.1681
331001	10.7522	4.0986	0.327798	3.2411
332001	10.7619	4.145	0.324999	3.2749
333001	10.8594	4.191	0.331298	3.3338
334001	11.1409	4.3238	0.343298	3.4418
335001	10.6055	4.058	0.323999	3.2227
336001	10.4984	3.975	0.322899	3.1157
337001	10.517	3.9721	0.325699	3.0888
338001	10.5339	4.0178	0.323999	3.165
339001	10.5371	3.9704	0.322999	3.1115
340001	10.5176	3.9683	0.324999	3.1066
341001	10.62	4.0279	0.320799	3.1788
342001	10.6828	4.059	0.322899	3.2643
343001	10.7285	4.1113	0.324398	3.2811
344001	10.5104	3.9862	0.326898	3.1385
345001	10.5252	3.9671	0.324299	3.1416
346001	10.5464	3.9807	0.325199	3.1318
347001	10.5567	4.0087	0.326798	3.1893
348001	10.4804	3.9469	0.324799	3.1122
349001	10.4439	3.9233	0.324798	3.114
350001	11.0227	4.1318	0.339899	3.315
351001	11.3808	4.4465	0.345298	3.5049
352001	11.1109	4.1794	0.339498	3.417
353001	10.6293	4.0561	0.333198	3.2724
354001	11.023	4.212	0.355798	3.3209
355001	11.1773	4.2883	0.345998	3.3934
356001	10.5896	3.9966	0.330698	3.1711
357001	10.7076	3.9798	0.333298	3.1605
358001	10.6174	4.0193	0.323199	3.1755
359001	10.5046	3.9532	0.321699	3.1154
360001	10.6345	4.0165	0.327698	3.1706
361001	10.9703	4.1321	0.322799	3.2816
362001	10.8613	4.14	0.327898	3.2993
363001	12.9655	4.7563	0.393897	3.8223
364001	10.9463	4.2317	0.335398	3.4103
365001	10.5774	4.0392	0.328298	3.2042
366001	10.4605	3.9473	0.322199	3.1157
367001	10.6245	4.0503	0.324998	3.2158
368001	10.6832	4.0813	0.323499	3.2663
369001	10.7726	4.1529	0.329598	3.2869
370001	10.6379	3.9917	0.326098	3.179
371001	10.691	4.032	0.320499	3.2102
372001	10.7654	4.1296	0.327498	3.2916
373001	11.1204	4.2424	0.339498	3.3941
374001	11.2869	4.3314	0.341498	3.4772
375001	10.6463	4.0189	0.330498	3.2085
376001	12.6321	4.7303	0.388398	3.7288
377001	11.5385	4.421	0.354798	3.5365
378001	10.633	4.0705	0.325798	3.2492
379001	10.5608	4.0008	0.328298	3.1608
380001	10.6752	4.0611	0.324999	3.2279
381001	10.7167	4.0699	0.327398	3.2338
382001	10.6669	4.06	0.324499	3.2542
383001	10.6556	4.0764	0.321799	3.2353
384001	10.7005	4.1013	0.326898	3.2795
385001	10.5323	3.9876	0.324399	3.1457
386001	10.5524	3.9526	0.323699	3.1187
387001	10.553	3.9567	0.322199	3.1241
388001	10.5138	3.9423	0.319699	3.0945
389001	10.521	3.9624	0.323299	3.1028
390001	10.6127	3.9889	0.322999	3.156
391001	10.9283	4.2076	0.338298	3.3917
392001	10.7228	4.1393	0.329298	3.2957
393001	10.6528	4.1088	0.324699	3.2525
394001	10.616	3.9949	0.325299	3.1834
395001	10.6193	4.0124	0.327198	3.1752
396001	10.5655	3.9848	0.326299	3.1561
397001	10.8018	4.1372	0.331898	3.2921
398001	10.7316	4.1477	0.329398	3.2899
399001	10.5968	4.0515	0.328298	3.219
400001	11.3095	4.2851	0.340398	3.4852
401001	11.0776	4.2505	0.331198	3.4228
402001	10.925	4.1985	0.334498	3.2736
403001	10.9132	4.1797	0.330598	3.4226
404001	11.0897	4.2115	0.345598	3.3478
405001	10.9525	4.1905	0.347598	3.2947
406001	10.6607	4.007	0.328198	3.1666
407001	10.6699	4.0486	0.325598	3.1597
408001	10.5186	3.9852	0.319599	3.1495
409001	10.5324	3.9646	0.324899	3.1434
410001	10.6463	4.0541	0.328298	3.2179
411001	10.8304	4.1001	0.323699	3.2588
412001	11.6231	4.4937	0.358798	3.5495
413001	10.9534	4.2459	0.336298	3.4464
414001	10.6048	4.0003	0.326298	3.2013
415001	10.641	3.9895	0.326698	3.1862
416001	10.7015	4.0653	0.327798	3.2473
417001	10.7497	4.097	0.329998	3.2765
418001	10.6562	4.034	0.326198	3.2123
419001	10.7263	4.0686	0.325398	3.2037
420001	10.7846	4.0899	0.327199	3.2337
421001	11.6816	4.1861	0.343998	3.3395
422001	11.4367	4.3644	0.352999	3.4825
423001	11.7662	4.5119	0.355398	3.63309
424001	10.7541	4.1361	0.326598	3.2971
425001	10.578	3.9913	0.325699	3.1523
426001	10.6769	4.0522	0.327898	3.2287
427001	10.6692	4.0707	0.327198	3.2587
428001	10.7225	4.0714	0.328198	3.2721
429001	10.5801	3.9769	0.322899	3.1915
430001	10.5391	3.9489	0.326099	3.1126
431001	10.8318	4.1509	0.340699	3.3125
432001	10.7264	4.0929	0.325599	3.2568
433001	10.8245	4.1328	0.328698	3.3032
434001	10.7234	4.095	0.328499	3.2879
435001	10.6378	4.0593	0.327998	3.229
436001	10.5595	4.0055	0.323799	3.1682
437001	10.5176	3.9649	0.324498	3.1374
438001	10.7605	4.086	0.330199	3.2916
439001	10.5626	3.9575	0.323099	3.157
440001	10.5267	3.9482	0.320399	3.1171
441001	10.695	4.0234	0.323999	3.2093
442001	10.7059	4.014	0.328799	3.2161
443001	10.9608	4.1763	0.334298	3.4059
444001	10.6156	4.0239	0.325298	3.1991
445001	10.5419	3.9698	0.327298	3.1218
446001	10.5818	3.9757	0.325199	3.1555
447001	10.7218	4.0541	0.328298	3.2557
448001	10.5728	3.9899	0.321799	3.1512
449001	10.5484	3.9524	0.323199	3.1323
450001	10.5536	3.9447	0.335398	3.1511
451001	10.7245	4.1081	0.319799	3.2755
452001	10.7145	4.0989	0.324999	3.2706
453001	10.6063	4.0255	0.318299	3.2091
454001	10.6128	4.0375	0.320599	3.1593
455001	10.5455	3.9395	0.318999	3.1032
456001	10.5767	3.9704	0.317599	3.1463
457001	10.5919	3.9403	0.324198	3.1315
458001	10.5486	3.9211	0.323499	3.1156
459001	10.5467	3.908	0.319799	3.0933
460001	10.5401	3.9189	0.321799	3.0848
461001	10.8923	4.1498	0.330699	3.3099
462001	10.6468	4.0628	0.325798	3.2337
463001	10.5876	4.0101	0.322499	3.2093
464001	10.5883	4.049	0.322599	3.1676
465001	10.5517	4.0109	0.320999	3.155
466001	10.542	4.0027	0.331299	3.1237
467001	10.5168	3.9831	0.326299	3.0929
468001	10.5691	3.98	0.323099	3.096
469001	10.531	3.9357	0.326898	3.0936
470001	10.6923	4.0446	0.329598	3.229
471001	10.7673	4.0976	0.329898	3.2605
472001	11.1404	4.2549	0.335498	3.3873
473001	10.832	4.1564	0.330998	3.276
474001	10.5373	3.9631	0.327099	3.1363
475001	10.5733	3.9764	0.328198	3.1477
476001	10.5747	3.9872	0.328398	3.1728
477001	10.5473	3.9649	0.330298	3.1383
478001	10.4915	3.9579	0.331098	3.127
479001	10.4918	3.9452	0.329598	3.1384
480001	10.5696	3.9873	0.323198	3.1557
481001	10.6812	4.0321	0.322699	3.222
482001	10.6322	4.082	0.323099	3.2316
483001	10.6738	4.074	0.322599	3.219
484001	10.8565	4.1679	0.329598	3.3072
485001	11.2775	4.3087	0.342298	3.422
486001	10.6623	3.9942	0.373497	3.217
487001	10.6386	3.9473	0.322699	3.174
488001	10.7158	4.0218	0.325198	3.1898
489001	10.6827	4.0428	0.324098	3.1611
490001	10.6554	3.9715	0.323299	3.1512
491001	10.7511	4.0773	0.322399	3.2433
492001	10.8282	4.1281	0.329898	3.3239
493001	10.6362	4.0705	0.324499	3.2215
494001	10.5777	4.0062	0.325399	3.1426
495001	10.5548	4.0296	0.326398	3.1605
496001	10.6878	4.0831	0.326299	3.2165
497001	10.5577	4.0182	0.335198	3.1633
498001	10.5447	3.9801	0.325499	3.1285
499001	10.5623	4.0026	0.321399	3.1579
500001	10.5936	4.0163	0.324799	3.163
501001	10.6646	4.0608	0.319599	3.2047
502001	10.6788	4.0564	0.320999	3.2333
503001	10.5859	4.0308	0.318099	3.1807
504001	10.5508	3.9904	0.317899	3.1403
505001	10.5535	4.0111	0.319699	3.1729
506001	10.5586	3.9726	0.314299	3.1684
507001	10.5651	3.9538	0.315999	3.1429
508001	10.5104	3.9775	0.319499	3.1206
509001	10.533	3.9889	0.330299	3.1395
510001	10.5444	3.9951	0.316599	3.1628
511001	10.6551	4.0629	0.325298	3.2466
512001	10.686	4.0774	0.326198	3.2614
513001	10.6247	4.0624	0.325899	3.2234
514001	10.571	4.0072	0.320699	3.1564
515001	10.5494	3.9763	0.323399	3.1309
516001	10.5103	3.9646	0.319399	3.1175
517001	10.5498	4.0156	0.320599	3.1632
518001	10.4965	3.9704	0.322299	3.1236
519001	10.5933	4.0578	0.325699	3.1774
520001	10.637	4.062	0.323799	3.1991
521001	10.6089	4.0425	0.324299	3.2191
522001	11.0632	4.2149	0.340398	3.388
523001	10.6018	4.0784	0.322999	3.2479
524001	10.507	4.0027	0.321599	3.1671
525001	10.598	4.01	0.339698	3.1643
526001	10.5482	4.0227	0.326898	3.155
527001	10.5517	3.9858	0.328498	3.1568
528001	10.5471	4.0145	0.324898	3.1479
529001	10.5478	3.9955	0.324698	3.1206
530001	10.5323	4.0311	0.322999	3.1368
531001	10.6174	4.0395	0.324899	3.1985
532001	10.6956	4.0717	0.327099	3.2459
533001	10.6603	4.1175	0.324298	3.2493
534001	10.5716	4.0508	0.320699	3.1615
535001	10.6955	4.0902	0.325899	3.241
536001	10.7087	4.1044	0.325699	3.2631
537001	10.638	4.0635	0.325798	3.1815
538001	10.5576	4.0014	0.325998	3.1418
539001	10.5608	4.0211	0.322999	3.1401
540001	10.6735	4.0822	0.329798	3.2104
541001	10.8827	4.1498	0.329099	3.4781
542001	10.7706	4.1663	0.326998	3.3682
543001	10.6412	4.04019	0.324299	3.1729
544001	10.7047	4.056	0.339598	3.1817
545001	10.6091	4.0329	0.328398	3.1513
546001	10.7817	4.1605	0.329298	3.2511
547001	10.642	4.0003	0.331998	3.1966
548001	10.7402	4.0331	0.326898	3.207
549001	10.6679	4.0634	0.327599	3.1634
550001	10.6416	4.0436	0.325099	3.1668
551001	10.6921	4.0687	0.320799	3.2226
552001	10.6495	4.0635	0.321099	3.1951
553001	10.5928	4.0307	0.313599	3.1799
554001	10.5497	4.0095	0.317199	3.1386
555001	10.6088	4.015	0.324098	3.1655
556001	10.5821	3.9988	0.322598	3.1291
557001	10.5821	3.9773	0.323599	3.1082
558001	10.5924	3.9997	0.322699	3.1192
559001	10.5773	3.9966	0.320899	3.1157
560001	10.601	3.9688	0.334298	3.1258
561001	10.6429	4.0198	0.319099	3.1943
562001	10.7008	4.0841	0.318999	3.2345
563001	10.6393	4.1193	0.317499	3.2156
564001	10.5507	4.0214	0.317599	3.1401
565001	10.4972	3.9824	0.315899	3.1291
566001	10.5481	4.0469	0.315699	3.1601
567001	10.5255	4.0139	0.317499	3.138
568001	10.558	4.013	0.317499	3.1536
569001	10.741	4.099	0.322199	3.2529
570001	10.5435	4.0085	0.324899	3.1641
571001	10.7074	4.093	0.325699	3.2459
572001	11.1942	4.3098	0.343998	3.4363
573001	10.6677	4.0574	0.327298	3.2202
574001	10.7059	4.0482	0.328198	3.1954
575001	10.5387	3.9929	0.323498	3.1408
576001	10.5252	4.0229	0.326199	3.1606
577001	10.5328	3.9938	0.324598	3.1348
578001	10.6302	4.0698	0.327798	3.195
579001	10.5508	3.9967	0.325298	3.1255
580001	10.5379	4.0073	0.328098	3.141
581001	10.6565	4.0438	0.323199	3.2074
582001	10.5982	4.0689	0.322399	3.2152
583001	10.618	4.0474	0.324699	3.1958
584001	10.5471	3.9736	0.321399	3.1373
585001	10.6044	4.0565	0.324599	3.1968
586001	10.7601	4.1419	0.331898	3.3179
587001	10.5627	4.0346	0.322799	3.1727
588001	10.5966	4.0195	0.322798	3.1659
589001	10.5936	4.0094	0.326798	3.1496
590001	10.6183	4.0633	0.322699	3.2025
591001	10.6451	4.0587	0.322399	3.2191
592001	10.643	4.0532	0.323999	3.2165
593001	10.6787	4.061	0.336199	3.222
594001	10.4827	4.001	0.324599	3.1193
595001	10.6613	4.0946	0.328799	3.2151
596001	10.5283	4.0289	0.323798	3.1428
597001	10.557	4.0206	0.325898	3.1619
598001	10.5629	4.0459	0.327999	3.1841
599001	10.5916	4.0026	0.323199	3.1612
600001	10.7915	4.146	0.331198	3.2475
601001	10.6271	4.0499	0.323899	3.2133
602001	10.6453	4.119	0.338499	3.2344
603001	10.551	4.0484	0.322199	3.1777
604001	10.5196	3.9934	0.322999	3.164
605001	10.5467	4.033	0.320099	3.1401
606001	10.5027	3.9865	0.321599	3.1113
607001	10.6759	4.079	0.327499	3.206
608001	10.5469	4.0228	0.321799	3.1571
609001	10.5041	3.9924	0.323799	3.129
610001	10.5668	3.9773	0.325798	3.1302
611001	10.6527	4.0527	0.323199	3.2384
612001	10.6619	4.151	0.323099	3.2455
613001	10.5706	4.0658	0.322899	3.2137
614001	10.4985	3.9968	0.319799	3.1
615001	10.5034	3.9981	0.323698	3.1308
616001	10.5024	3.9814	0.321199	3.0982
617001	10.5403	3.9956	0.325199	3.13
618001	10.7259	4.0866	0.325898	3.2298
619001	10.6069	4.027	0.336798	3.2021
620001	10.5716	3.9855	0.330799	3.1262
621001	10.6922	4.0596	0.332098	3.235
622001	10.9176	4.2005	0.333698	3.3625
623001	10.6182	4.0875	0.327298	3.2248
624001	10.571	4.0291	0.323499	3.1574
625001	10.5194	3.9889	0.327799	3.1201
626001	10.552	4.0034	0.327498	3.1433
627001	10.5767	4.012	0.325799	3.1534
628001	10.5241	3.9904	0.323099	3.1298
629001	10.5041	3.9722	0.328898	3.1095
630001	10.5054	3.9783	0.323099	3.1037
631001	10.6859	4.0628	0.331298	3.2474
632001	10.6355	4.0845	0.326898	3.2287
633001	10.5899	4.0222	0.325698	3.1778
634001	10.511	3.9498	0.321899	3.124
635001	10.5542	4.0189	0.327699	3.1572
636001	10.7036	4.1257	0.331698	3.2801
637001	10.7101	4.1124	0.340998	3.2602
638001	10.6406	4.0307	0.326899	3.1967
639001	10.7045	4.0726	0.327298	3.2006
640001	10.5675	4.0034	0.326798	3.1472
641001	10.6844	4.0769	0.324299	3.2522
642001	10.6389	4.0765	0.327098	3.2228
643001	10.6704	4.1114	0.330598	3.2336
644001	10.6305	4.0455	0.328399	3.1912
645001	10.5912	4.0716	0.325798	3.2231
646001	10.6975	4.0351	0.330199	3.1993
647001	10.6518	4.1121	0.331898	3.2518
648001	10.7361	4.0807	0.326599	3.2686
649001	10.6936	4.0893	0.326698	3.2441
650001	10.7084	4.1013	0.329598	3.2417
651001	10.803	4.1254	0.328299	3.32
652001	10.7491	4.1405	0.345698	3.3153
653001	10.7233	4.1376	0.325199	3.2834
654001	10.6822	4.1238	0.326098	3.2661
655001	10.6537	4.0792	0.328799	3.2383
656001	10.7654	4.1168	0.328098	3.2664
657001	10.7419	4.0915	0.330598	3.2802
658001	10.7584	4.0957	0.328399	3.2748
659001	10.7149	4.0849	0.326999	3.2482
660001	10.8596	4.2246	0.333498	3.34
661001	10.8437	4.1785	0.332398	3.3309
662001	10.7811	4.1647	0.332198	3.3194
663001	10.7399	4.1477	0.325799	3.2888
664001	10.6389	4.1108	0.323099	3.2486
665001	10.6102	4.0906	0.324898	3.2092
666001	11.7131	4.5096	0.356698	3.6208
667001	10.7276	4.098	0.328298	3.2674
668001	10.6315	4.0604	0.328799	3.1962
669001	10.5434	3.9976	0.324798	3.1534
670001	10.5563	3.9797	0.327498	3.1373
671001	10.6194	4.042	0.326098	3.2196
672001	10.7159	4.1199	0.328798	3.2749
673001	10.5804	4.0682	0.324499	3.1989
674001	10.5126	4.0039	0.325199	3.1375
675001	10.5104	3.9634	0.325098	3.1188
676001	10.5265	4.0157	0.322299	3.1507
677001	10.5252	4.0159	0.324399	3.1232
678001	10.5246	4.0174	0.325898	3.1411
679001	10.5127	4.0053	0.324599	3.1364
680001	10.546	4.0013	0.327398	3.1126
681001	10.6368	4.0536	0.330898	3.2376
682001	10.6482	4.093	0.328298	3.2169
683001	10.5895	4.0558	0.329798	3.2157
684001	10.5331	4.0125	0.327698	3.1535
685001	10.5263	4.0126	0.326499	3.1779
686001	10.6613	4.0985	0.330898	3.2429
687001	10.7342	4.1222	0.330298	3.2639
688001	10.6009	4.053	0.326498	3.1908
689001	10.4995	3.9951	0.326598	3.1174
690001	10.5438	3.9759	0.329298	3.1134
691001	10.6949	4.0458	0.326798	3.2387
692001	10.6877	4.0604	0.329398	3.241
693001	10.6423	4.0622	0.326199	3.2119
694001	10.7514	4.0591	0.327798	3.2521
695001	10.6466	4.0502	0.326899	3.1838
696001	10.5775	4.0414	0.329298	3.1718
697001	10.5955	4.0385	0.323599	3.1745
698001	10.516	3.9987	0.323499	3.1249
699001	10.5089	3.9992	0.328098	3.1192
700001	10.5295	3.9988	0.325098	3.136
701001	10.666	4.0405	0.327498	3.2251
702001	10.5938	4.056	0.324398	3.1988
703001	10.5197	4.0199	0.324498	3.1567
704001	10.5185	4.0123	0.323699	3.1175
705001	10.5169	3.9953	0.327198	3.1234
706001	10.6877	4.081	0.329598	3.2332
707001	10.5417	4.0108	0.324799	3.1508
708001	10.5403	3.9814	0.325098	3.1301
709001	10.5593	3.9726	0.325499	3.1485
710001	10.4926	3.9837	0.321199	3.1461
711001	10.6361	4.0294	0.324199	3.2158
712001	10.6861	4.0811	0.328198	3.2167
713001	10.7733	4.1646	0.326399	3.3084
714001	10.5455	4.0535	0.322199	3.1603
715001	10.52	4.0369	0.325599	3.1389
716001	10.6843	4.0469	0.329698	3.2198
717001	10.5937	4.0697	0.328198	3.2163
718001	10.5697	4.0136	0.341498	3.1526
719001	10.5248	3.9964	0.327698	3.136
720001	10.8233	4.1184	0.335398	3.276
721001	10.6538	4.0583	0.326399	3.2387
722001	10.627	4.0976	0.327498	3.2489
723001	10.5847	4.0396	0.321699	3.199
724001	10.4726	3.9915	0.324099	3.1228
725001	10.493	3.962	0.323899	3.1141
726001	10.5283	3.9724	0.325599	3.1267
727001	10.5257	3.9945	0.321399	3.1451
728001	10.5063	3.9926	0.326199	3.1446
729001	10.4735	3.9498	0.324598	3.1027
730001	10.5186	4.0052	0.325899	3.1458
731001	10.6198	4.0189	0.325499	3.211
732001	10.5946	4.0804	0.323998	3.1981
733001	10.58	3.9984	0.324199	3.168
734001	10.6895	4.085	0.323899	3.2465
735001	10.6131	4.0645	0.325499	3.2182
736001	10.8604	4.1709	0.330499	3.3015
737001	11.7837	4.5922	0.359997	3.6871
738001	10.73	4.1093	0.332198	3.2523
739001	10.6615	4.1034	0.324999	3.2361
740001	10.7708	4.1011	0.329698	3.2709
741001	10.7768	4.0959	0.327098	3.2857
742001	10.7773	4.1369	0.332998	3.3208
743001	10.9323	4.2468	0.333698	3.3882
744001	10.6435	4.0894	0.327798	3.2574
745001	10.6614	4.0908	0.328799	3.2261
746001	10.6352	4.0886	0.330898	3.2272
747001	10.6176	4.0944	0.328598	3.2626
748001	10.6208	4.0752	0.326599	3.2104
749001	10.6285	4.0931	0.326499	3.2236
750001	10.5839	4.07	0.328398	3.207
751001	10.8984	4.168	0.333599	3.3397
752001	10.886	4.1978	0.332698	3.3769
753001	10.7939	4.1956	0.327599	3.3429
754001	10.581	4.0152	0.325698	3.1789
755001	10.504	3.9602	0.322999	3.1089
756001	10.4889	3.9451	0.321599	3.0949
757001	10.4716	3.9367	0.322599	3.0904
758001	10.4928	3.9446	0.321999	3.0934
759001	10.5115	3.9268	0.322899	3.1029
760001	10.4636	3.9504	0.325198	3.076
761001	10.6573	4.0194	0.321999	3.2444
762001	10.6988	4.057	0.321699	3.2091
763001	10.5285	3.9838	0.311499	3.1589
764001	10.5795	3.9359	0.317599	3.1156
765001	10.6989	4.0588	0.343098	3.1786
766001	10.6184	4.0418	0.324398	3.1842
767001	10.5573	4.036	0.325698	3.1637
768001	10.6011	3.969	0.326598	3.1487
769001	10.5635	3.984	0.337298	3.154
770001	10.5698	3.9926	0.325298	3.1849
771001	10.6385	4.046	0.322499	3.1942
772001	10.6186	4.0719	0.321299	3.1889
773001	10.5771	4.0339	0.317299	3.2042
774001	10.5128	3.9704	0.321499	3.1252
775001	10.4791	3.9856	0.319599	3.1014
776001	10.4763	3.9632	0.318799	3.1002
777001	10.4517	3.9613	0.316999	3.1023
778001	10.4528	3.9493	0.315999	3.0685
779001	10.4637	3.9595	0.316499	3.1046
780001	10.4664	3.9611	0.315899	3.0798
781001	10.6805	4.0461	0.318999	3.2064
782001	10.6271	4.0753	0.321799	3.2217
783001	10.5212	4.008	0.323199	3.1475
784001	10.4914	3.9838	0.320199	3.1161
785001	10.6147	4.0583	0.322999	3.2024
786001	10.6089	4.0541	0.322498	3.1875
787001	10.6521	4.1096	0.327498	3.2529
788001	10.6274	4.0534	0.322999	3.2234
789001	10.5146	4.0018	0.336598	3.1308
790001	10.5368	3.9763	0.321199	3.138
791001	10.5588	3.9951	0.327599	3.1604
792001	10.8116	4.1537	0.343098	3.3096
793001	10.6258	4.1054	0.325298	3.2384
794001	10.553	4.0037	0.326198	3.1879
795001	10.764	4.1261	0.330198	3.2751
796001	10.5565	4.0471	0.327299	3.1663
797001	10.5412	4.0097	0.325799	3.1498
798001	10.5431	4.0156	0.324698	3.1328
799001	10.5166	3.9803	0.325699	3.0999
800001	10.5438	3.9966	0.323599	3.1315
801001	10.5906	4.0365	0.327299	3.1767
802001	10.6401	4.1	0.326798	3.2339
803001	10.5704	4.0611	0.322199	3.2016
804001	10.5023	3.9965	0.324699	3.1247
805001	10.575	3.9919	0.323099	3.1355
806001	10.5105	3.9942	0.323299	3.1065
807001	10.5051	3.9628	0.321799	3.0937
808001	10.5143	3.9593	0.322599	3.1198
809001	10.4771	3.9472	0.326799	3.1002
810001	10.4544	3.9525	0.323699	3.0844
811001	10.6649	4.064	0.322399	3.2247
812001	10.6685	4.0515	0.328999	3.2101
813001	10.5657	4.0384	0.324698	3.181
814001	10.5766	4.0278	0.323998	3.1729
815001	10.5291	3.9782	0.323199	3.1197
816001	10.6069	4.0503	0.324498	3.1827
817001	10.5301	4.0203	0.322799	3.153
818001	10.5426	3.9785	0.325599	3.1432
819001	10.518	3.9755	0.321099	3.1144
820001	11.4368	4.3589	0.345898	3.425
821001	10.6053	4.0483	0.325199	3.2092
822001	10.6289	4.0805	0.324598	3.2156
823001	10.6291	4.0309	0.324898	3.199
824001	10.5112	3.9949	0.323299	3.1547
825001	10.5306	3.994	0.323699	3.1346
826001	10.5149	3.9696	0.323898	3.0955
827001	10.5084	3.9687	0.323698	3.1091
828001	10.5439	3.9816	0.323199	3.1252
829001	10.54	3.9521	0.319799	3.1182
830001	10.5149	3.9962	0.323098	3.1104
831001	10.6295	4.0062	0.328498	3.203
832001	10.6913	4.0535	0.328298	3.2219
833001	10.6103	4.0476	0.324599	3.1808
834001	10.5519	4.0331	0.324798	3.1331
835001	10.7183	4.0747	0.331699	3.2062
836001	10.5717	4.0456	0.323799	3.1794
837001	10.6017	4.0374	0.325099	3.1583
838001	10.8681	4.1656	0.330698	3.3318
839001	10.7888	4.1849	0.328398	3.2948
840001	10.6012	4.0351	0.325399	3.1717
841001	10.7143	4.0485	0.325899	3.217
842001	11.0066	4.2741	0.344398	3.4011
843001	10.6631	4.0581	0.325399	3.2395
844001	10.59	4.0319	0.324499	3.1866
845001	10.5303	4.0104	0.323799	3.1538
846001	10.7488	4.0916	0.325198	3.2632
847001	10.5771	4.0266	0.321399	3.1605
848001	10.5276	4.001	0.320899	3.1207
849001	10.539	3.9704	0.323199	3.1016
850001	10.5336	3.9565	0.323799	3.1038
851001	10.6887	4.0538	0.329399	3.2424
852001	10.8174	4.1216	0.330698	3.2634
853001	10.57	4.036	0.324199	3.1856
854001	10.5568	3.9842	0.326399	3.1038
855001	10.5285	3.9605	0.327499	3.0919
856001	10.5405	3.9465	0.326298	3.0781
857001	10.5589	3.9709	0.330598	3.1296
858001	10.5469	3.995	0.326298	3.1336
859001	10.4978	3.9925	0.329698	3.1262
860001	10.5283	4.0097	0.329398	3.114
861001	10.6501	4.0195	0.327998	3.1872
862001	10.6424	4.0839	0.329798	3.2245
863001	10.7219	4.0918	0.326699	3.204
864001	10.5893	4.0182	0.327498	3.1774
865001	10.625	4.0141	0.331098	3.156
866001	10.6559	4.0772	0.326898	3.1911
867001	10.5918	4.0183	0.325698	3.1583
868001	10.5879	4.0156	0.326999	3.1377
869001	10.579	4.002	0.325598	3.1555
870001	10.5802	3.9799	0.325698	3.1237
871001	10.6923	4.0625	0.325998	3.241
872001	10.6458	4.1067	0.325999	3.2351
873001	10.5431	4.0249	0.322899	3.1456
874001	10.5017	3.9779	0.323199	3.1005
875001	10.4907	3.9504	0.325298	3.0931
876001	10.5121	3.9806	0.323898	3.0871
877001	10.5471	4.0067	0.327599	3.1184
878001	10.5327	3.9715	0.321699	3.1245
879001	10.5371	3.9937	0.323899	3.1097
880001	10.5047	3.9757	0.323699	3.1121
881001	10.6084	4.0322	0.325599	3.1845
882001	10.6395	4.0884	0.324898	3.2469
883001	10.6325	4.1033	0.327698	3.2466
884001	10.5873	4.0298	0.325598	3.172
885001	10.5707	4.0105	0.325899	3.1714
886001	10.676	4.0645	0.327999	3.1766
887001	10.5849	4.0664	0.326198	3.2166
888001	10.6696	4.0639	0.328399	3.1942
889001	10.852	4.159	0.337598	3.3332
890001	10.831	4.1598	0.336598	3.2872
891001	10.9847	4.1365	0.335699	3.3298
892001	10.919	4.2219	0.335898	3.3631
893001	10.6416	4.0629	0.325998	3.2128
894001	10.5847	4.0204	0.325299	3.1556
895001	10.5556	3.9759	0.335598	3.1088
896001	10.5617	4.0059	0.326599	3.1288
897001	10.5559	4.0058	0.326099	3.1346
898001	10.514	3.9899	0.326599	3.104
899001	10.5377	3.9814	0.324999	3.147
900001	10.5164	3.991	0.327198	3.1149
901001	10.7162	4.0811	0.331399	3.2432
902001	10.6873	4.0566	0.330298	3.2295
903001	10.5599	4.0226	0.326098	3.1607
904001	10.5063	3.9584	0.324599	3.0834
905001	10.5827	3.9616	0.328098	3.1164
906001	10.5759	4.0064	0.326498	3.1259
907001	10.5209	3.98	0.326498	3.0986
908001	10.5078	3.9877	0.328098	3.0956
909001	10.5384	4.0026	0.327998	3.1393
910001	10.5764	4.0239	0.329798	3.1398
911001	10.6634	4.077	0.325599	3.222
912001	10.7421	4.0952	0.329598	3.2377
913001	10.6275	4.0296	0.329598	3.2092
914001	10.5283	3.9997	0.326399	3.1487
915001	10.6646	4.056	0.329598	3.1867
916001	10.5978	4.0496	0.325599	3.1831
917001	10.57	4.0049	0.326998	3.15
918001	10.5687	4.0028	0.324898	3.1507
919001	10.5159	4.0069	0.324098	3.1218
920001	10.5604	3.9798	0.325898	3.141
921001	10.6428	4.0419	0.328198	3.2106
922001	10.7799	4.1187	0.331798	3.246
923001	10.6217	4.1051	0.326298	3.2355
924001	10.5284	3.9805	0.322499	3.1406
925001	10.5059	3.9701	0.323699	3.1011
926001	10.516	3.9911	0.325199	3.1251
927001	10.528	3.9843	0.325999	3.1195
928001	10.5792	4.0162	0.326399	3.1564
929001	10.5866	4.0055	0.325899	3.1156
930001	10.5716	4.0053	0.324598	3.1495
931001	10.6233	4.0577	0.324099	3.2291
932001	10.6875	4.1234	0.325899	3.2492
933001	10.6008	4.0402	0.326199	3.1977
934001	10.5847	4.0149	0.328898	3.1938
935001	10.5144	3.9879	0.322699	3.1122
936001	10.5273	3.9971	0.335798	3.121
937001	10.5311	3.9813	0.323799	3.1345
938001	10.566	4.0344	0.330198	3.1484
939001	10.6397	4.0949	0.327898	3.2267
940001	10.8638	4.1767	0.331698	3.2944
941001	11.0132	4.186	0.334699	3.3576
942001	10.6132	4.0828	0.338398	3.2435
943001	10.5698	4.0405	0.325898	3.2195
944001	10.5097	3.9774	0.325198	3.1112
945001	10.5232	3.9527	0.324398	3.1018
946001	10.6278	4.0483	0.324498	3.2052
947001	10.5361	4.0042	0.326198	3.1548
948001	10.511	3.9687	0.328098	3.1269
949001	10.5027	3.9802	0.328098	3.1327
950001	10.5427	4.0087	0.324899	3.1365
951001	10.7653	4.0926	0.328499	3.2591
952001	10.6446	4.1194	0.324798	3.2414
953001	10.5461	4.0242	0.324199	3.167
954001	10.5412	3.9876	0.324299	3.1179
955001	10.5977	4.0306	0.325798	3.1789
956001	10.5427	4.0116	0.325299	3.1479
957001	10.4864	3.9656	0.326798	3.1159
958001	10.5178	3.9768	0.324799	3.0971
959001	10.5158	3.965	0.322299	3.1212
960001	10.551	3.9891	0.325898	3.1193
961001	10.735	4.1125	0.328398	3.2663
962001	10.6538	4.1182	0.329698	3.2576
963001	10.6124	4.1017	0.325799	3.2139
964001	10.4883	3.9967	0.325399	3.1235
965001	10.6442	4.0971	0.326898	3.2051
966001	10.5355	4.0019	0.328198	3.1381
967001	10.5744	4.0133	0.327198	3.1413
968001	10.553	4.012	0.326499	3.1464
969001	10.5157	3.9877	0.325599	3.1193
970001	10.7075	4.0524	0.328698	3.2041
971001	10.6185	4.0149	0.325199	3.2061
972001	10.6277	4.069	0.332198	3.2212
973001	10.7324	4.1008	0.326698	3.2504
974001	10.5947	4.0136	0.323499	3.1759
975001	10.5524	4.0194	0.327798	3.1756
976001	10.5525	4.0095	0.325298	3.1437
977001	10.5227	3.9693	0.326499	3.113
978001	10.5503	4.0107	0.324998	3.1493
979001	10.5463	3.9872	0.322399	3.1506
980001	10.5867	4.0423	0.327298	3.1749
981001	10.6712	4.0309	0.325299	3.2143
982001	10.7203	4.1061	0.330499	3.2594
983001	10.6618	4.0985	0.323598	3.2326
984001	10.5762	4.0035	0.331698	3.1324
985001	10.5445	3.9905	0.326698	3.122
986001	10.5399	4.0016	0.323699	3.1134
987001	10.5107	3.9678	0.320799	3.113
988001	10.4758	3.9651	0.334198	3.1012
989001	10.5731	4.03181	0.327198	3.1819
990001	10.8914	4.2165	0.335798	3.3663
991001	10.7562	4.1204	0.329499	3.2903
992001	10.6242	4.0748	0.326698	3.2448
993001	10.5235	4.0329	0.325899	3.1637
994001	10.4485	3.9774	0.323399	3.1304
995001	10.4792	3.9912	0.325698	3.1403
996001	10.4861	4.0108	0.325999	3.1589
997001	10.4403	4.0236	0.325098	3.1672
998001	10.4798	3.9927	0.325498	3.1402
999001	10.452	3.9931	0.325698	3.117
